                  Temp     Hi    Low   Out    Dew  Wind  Wind   Wind    Hi    Hi   Wind   Heat    THW                Rain    Heat    Cool    In     In    In     In     In   In Air  Wind  Wind    ISS   Arc.
  Date    Time     Out   Temp   Temp   Hum    Pt. Speed   Dir    Run Speed   Dir  Chill  Index  Index   Bar    Rain  Rate    D-D     D-D    Temp   Hum    Dew   Heat    EMC Density  Samp   Tx   Recept  Int.
---------------------------------------------------------------------------------------------------------------------------------------------------------------------------------------------------------------
10/30/18 12:30a   22.5   23.0   22.4    77   18.3  11.3    SE   5.63  20.9    SE   22.5   23.3   23.3  1036.5  0.00   0.0   0.000   0.087   25.3    53   15.1   25.4   9.65 1.1904    701    1    100.0   30 
10/30/18  1:00a   22.2   22.5   22.2    80   18.6  14.5    SE   7.24  25.7    SE   21.4   23.0   22.2  1036.4  0.00   0.0   0.000   0.081   24.9    55   15.2   25.1   9.98 1.1918    703    1    100.0   30 
10/30/18  1:30a   21.8   22.2   21.8    81   18.4   9.7    SE   4.83  17.7    SE   21.8   22.6   22.6  1036.1  0.00   0.0   0.000   0.073   24.5    56   15.1   24.7  10.21 1.1932    700    1    100.0   30 
10/30/18  2:00a   21.7   21.9   21.7    82   18.5   6.4   SSE   3.22  17.7    SE   21.7   22.6   22.6  1036.2  0.00   0.0   0.000   0.071   24.1    58   15.3   24.5  10.53 1.1946    701    1    100.0   30 
10/30/18  2:30a   21.6   21.8   21.6    82   18.4   6.4    SE   3.22  16.1    SE   21.6   22.4   22.4  1036.0  0.00   0.0   0.000   0.068   23.7    59   15.2   24.2  10.76 1.1960    701    1    100.0   30 
10/30/18  3:00a   21.5   21.7   21.5    82   18.3   4.8    SE   2.41  12.9    SE   21.5   22.3   22.3  1035.8  0.00   0.0   0.000   0.066   23.4    59   15.0   23.8  10.78 1.1973    703    1    100.0   30 
10/30/18  3:30a   21.2   21.5   21.2    82   18.0   3.2    SE   1.61  11.3     S   21.2   21.9   21.9  1036.1  0.00   0.0   0.000   0.059   23.2    60   15.0   23.6  10.97 1.1985    702    1    100.0   30 
10/30/18  4:00a   20.4   21.2   20.4    84   17.6   0.0   SSE   0.00   4.8   SSE   20.4   21.3   21.3  1036.4  0.00   0.0   0.000   0.043   22.9    60   14.7   23.2  10.99 1.2005    700    1    100.0   30 
10/30/18  4:30a   19.4   20.3   19.4    88   17.4   1.6   ESE   0.80   4.8   SSE   19.4   20.2   20.2  1036.7  0.00   0.0   0.000   0.023   22.4    60   14.3   22.5  11.00 1.2033    697    1    100.0   30 
10/30/18  5:00a   19.2   19.4   19.2    88   17.1   0.0   ESE   0.00   4.8   ESE   19.2   19.9   19.9  1036.9  0.00   0.0   0.000   0.017   22.1    60   13.9   21.9  11.02 1.2056    702    1    100.0   30 
10/30/18  5:30a   18.5   19.2   18.5    89   16.7   0.0   ESE   0.00   1.6   ESE   18.5   19.1   19.1  1037.4  0.00   0.0   0.000   0.003   21.7    60   13.6   21.4  11.03 1.2078    703    1    100.0   30 
10/30/18  6:00a   18.5   18.6   18.4    91   17.0   0.0   ---   0.00   0.0   ---   18.5   19.1   19.1  1038.1  0.00   0.0   0.000   0.003   21.3    61   13.5   21.0  11.23 1.2104    700    1    100.0   30 
10/30/18  6:30a   19.0   19.0   18.4    90   17.3   0.0   ---   0.00   0.0   ---   19.0   19.7   19.7  1038.2  0.00   0.0   0.000   0.014   21.5    64   14.4   21.4  11.65 1.2087    701    1    100.0   30 
10/30/18  7:00a   21.9   21.9   19.0    81   18.5   1.6   ESE   0.80   6.4     E   21.9   22.7   22.7  1038.5  0.00   0.0   0.000   0.074   23.4    70   17.6   24.3  12.99 1.1970    699    1    100.0   30 
10/30/18  7:30a   24.0   24.0   21.9    74   19.1   4.8   ESE   2.41  12.9     S   24.0   25.2   25.2  1039.0  0.00   0.0   0.000   0.118   26.2    67   19.6   27.3  12.17 1.1831    702    1    100.0   30 
10/30/18  8:00a   25.0   25.1   24.0    70   19.1   8.0   SSE   4.02  17.7    SE   25.0   26.1   26.1  1039.4  0.00   0.0   0.000   0.139   28.3    62   20.4   30.1  11.09 1.1741    701    1    100.0   30 
10/30/18  8:30a   25.9   25.9   25.1    66   19.1   8.0     S   4.02  19.3    SW   25.9   26.9   26.9  1039.3  0.00   0.0   0.000   0.159   30.2    57   20.8   32.9  10.19 1.1659    702    1    100.0   30 
10/30/18  9:00a   26.3   26.3   25.9    64   19.0   8.0    SE   4.02  19.3   SSE   26.3   27.3   27.3  1038.9  0.00   0.0   0.000   0.167   31.4    53   20.7   34.3   9.48 1.1609    696    1    100.0   30 
10/30/18  9:30a   27.1   27.1   26.3    61   18.9   8.0     S   4.02  19.3   SSE   27.1   28.1   28.1  1038.7  0.00   0.0   0.000   0.183   31.9    49   19.8   34.4   8.85 1.1605    700    1    100.0   30 
10/30/18 10:00a   27.7   27.7   26.9    59   19.0   4.8     E   2.41  16.1   SSE   27.7   28.8   28.8  1038.5  0.00   0.0   0.000   0.196   31.8    48   19.5   34.1   8.66 1.1611    699    1    100.0   30 
10/30/18 10:30a   27.9   28.3   27.7    57   18.6   6.4   SSW   3.22  16.1   SSE   27.9   29.0   29.0  1038.1  0.00   0.0   0.000   0.200   32.1    48   19.7   34.5   8.65 1.1591    701    1    100.0   30 
10/30/18 11:00a   28.7   28.7   27.9    55   18.7   4.8   NNW   2.41  16.1    NW   28.7   29.9   29.9  1037.4  0.00   0.0   0.000   0.215   32.4    48   20.0   35.0   8.64 1.1568    701    1    100.0   30 
10/30/18 11:30a   30.8   30.8   28.6    49   18.9   6.4     W   3.22  20.9   NNE   30.8   32.4   32.4  1036.7  0.00   0.0   0.000   0.260   32.7    47   19.9   35.3   8.45 1.1552    702    1    100.0   30 
10/30/18 12:00p   31.9   31.9   30.5    45   18.5   4.8    NE   2.41  14.5     S   31.9   33.6   33.6  1036.1  0.00   0.0   0.000   0.282   33.8    46   20.6   37.3   8.29 1.1489    702    1    100.0   30 
10/30/18 12:30p   31.6   32.1   31.4    45   18.2   4.8   SSW   2.41  16.1    SW   31.6   33.1   33.1  1035.2  0.00   0.0   0.000   0.275   34.8    43   20.4   38.4   7.76 1.1445    699    1    100.0   30 
10/30/18  1:00p   32.5   32.5   31.4    42   17.9   8.0   WSW   4.02  22.5    NW   32.5   33.8   33.8  1034.3  0.00   0.0   0.000   0.295   35.7    41   20.4   39.4   7.45 1.1404    702    1    100.0   30 
10/30/18  1:30p   33.1   33.7   32.5    39   17.3   6.4    NW   3.22  16.1     W   33.1   34.2   34.2  1033.9  0.00   0.0   0.000   0.308   36.6    40   20.8   41.1   7.25 1.1357    701    1    100.0   30 
10/30/18  2:00p   31.9   33.1   31.9    40   16.7   4.8   ENE   2.41  14.5     E   31.9   32.6   32.6  1033.4  0.00   0.0   0.000   0.284   36.4    38   19.8   39.8   7.00 1.1374    699    1    100.0   30 
10/30/18  2:30p   33.8   33.8   31.9    34   15.7   4.8   ESE   2.41  14.5     N   33.8   34.2   34.2  1033.0  0.00   0.0   0.000   0.322   36.8    37   19.7   40.1   6.79 1.1359    700    1    100.0   30 
10/30/18  3:00p   32.8   34.3   32.8    38   16.6   3.2     E   1.61  16.1    SE   32.8   33.6   33.6  1032.5  0.00   0.0   0.000   0.302   37.0    36   19.5   40.0   6.68 1.1350    702    1    100.0   30 
10/30/18  3:30p   32.7   33.7   32.6    37   16.1   6.4   ESE   3.22  16.1   ESE   32.7   33.1   33.1  1032.1  0.00   0.0   0.000   0.299   36.6    35   18.7   38.8   6.49 1.1372    701    1    100.0   30 
10/30/18  4:00p   32.5   33.4   32.5    37   15.9   6.4    SE   3.22  16.1     S   32.5   32.8   32.8  1031.9  0.00   0.0   0.000   0.295   36.4    35   18.5   38.6   6.50 1.1377    701    1    100.0   30 
10/30/18  4:30p   32.5   32.5   32.3    37   15.9   3.2     S   1.61  12.9    SE   32.5   32.8   32.8  1031.8  0.00   0.0   0.000   0.295   36.0    35   18.1   37.8   6.51 1.1398    701    1    100.0   30 
10/30/18  5:00p   32.5   32.7   32.4    36   15.5   1.6   SSW   0.80   6.4     W   32.5   32.7   32.7  1031.7  0.00   0.0   0.000   0.295   35.4    34   17.2   36.6   6.43 1.1432    700    1    100.0   30 
10/30/18  5:30p   33.1   33.1   32.4    34   15.1   0.0     N   0.00   4.8   WSW   33.1   33.2   33.2  1031.7  0.00   0.0   0.000   0.308   34.9    35   17.2   35.9   6.56 1.1452    699    1    100.0   30 
10/30/18  6:00p   32.2   33.2   32.2    36   15.2   0.0   ---   0.00   0.0   ---   32.2   32.2   32.2  1032.0  0.00   0.0   0.000   0.288   34.4    35   16.7   35.2   6.59 1.1481    703    1    100.0   30 
10/30/18  6:30p   30.7   32.2   30.7    39   15.1   0.0   ---   0.00   0.0   ---   30.7   30.7   30.7  1032.4  0.00   0.0   0.000   0.257   33.6    36   16.5   34.3   6.80 1.1518    702    1    100.0   30 
10/30/18  7:00p   28.7   30.7   28.7    45   15.6   1.6   SSE   0.80   8.0   SSE   28.7   29.2   29.2  1032.6  0.00   0.0   0.000   0.216   32.6    36   15.6   32.8   6.84 1.1569    699    1    100.0   30 
10/30/18  7:30p   28.8   29.3   28.7    55   18.8  11.3   SSE   5.63  27.4   ESE   28.8   30.2   30.2  1033.0  0.00   0.0   0.000   0.218   31.8    38   15.8   32.1   7.16 1.1601    700    1    100.0   30 
10/30/18  8:00p   26.9   28.8   26.9    62   19.0  14.5    SE   7.24  32.2    SE   26.3   27.9   27.3  1033.6  0.00   0.0   0.000   0.178   31.1    41   16.3   31.3   7.65 1.1632    700    1    100.0   30 
10/30/18  8:30p   25.9   26.9   25.9    65   18.9  14.5    SE   7.24  30.6    SE   25.3   26.8   26.2  1034.0  0.00   0.0   0.000   0.159   30.1    43   16.2   30.6   7.95 1.1674    700    1    100.0   30 
10/30/18  9:00p   25.1   26.0   25.1    69   19.0  16.1    SE   8.05  29.0   SSE   24.0   26.1   25.0  1034.5  0.00   0.0   0.000   0.140   29.3    45   16.1   29.8   8.26 1.1712    702    1    100.0   30 
10/30/18  9:30p   24.6   25.1   24.6    70   18.7  12.9    SE   6.44  27.4   ESE   24.3   25.6   25.3  1034.7  0.00   0.0   0.000   0.130   28.3    47   15.9   28.8   8.59 1.1753    701    1    100.0   30 
10/30/18 10:00p   24.3   24.6   24.3    68   18.0   8.0    SE   4.02  17.7   ESE   24.3   25.2   25.2  1034.8  0.00   0.0   0.000   0.124   27.6    48   15.6   27.7   8.82 1.1787    702    1    100.0   30 
10/30/18 10:30p   24.2   24.4   24.2    67   17.7  11.3   ESE   5.63  24.1    SE   24.2   24.9   24.9  1034.7  0.00   0.0   0.000   0.122   26.9    49   15.3   26.9   8.94 1.1819    702    1    100.0   30 
10/30/18 11:00p   23.4   24.2   23.4    69   17.4   3.2     E   1.61  11.3     E   23.4   24.3   24.3  1034.7  0.00   0.0   0.000   0.106   26.3    49   14.8   26.4   8.96 1.1847    700    1    100.0   30 
10/30/18 11:30p   22.8   23.4   22.8    71   17.2   0.0     E   0.00   4.8     E   22.8   23.4   23.4  1034.7  0.00   0.0   0.000   0.093   25.9    50   14.7   25.9   9.18 1.1866    699    1    100.0   30 
10/31/18 12:00a   21.9   22.8   21.9    73   16.8   0.0   ---   0.00   0.0   ---   21.9   22.3   22.3  1034.7  0.00   0.0   0.000   0.074   25.3    50   14.2   25.3   9.20 1.1894    702    1    100.0   30 
10/31/18 12:30a   21.2   21.9   21.2    76   16.8   0.0   ---   0.00   0.0   ---   21.2   21.6   21.6  1034.4  0.00   0.0   0.000   0.060   24.8    50   13.7   24.8   9.22 1.1916    698    1    100.0   30 
10/31/18  1:00a   20.8   21.2   20.8    78   16.8   0.0     E   0.00   4.8     E   20.8   21.4   21.4  1034.4  0.00   0.0   0.000   0.051   24.3    51   13.5   24.4   9.35 1.1938    701    1    100.0   30 
10/31/18  1:30a   20.7   21.0   20.6    78   16.7   0.0   ---   0.00   0.0   ---   20.7   21.3   21.3  1034.2  0.00   0.0   0.000   0.049   23.9    51   13.1   24.0   9.35 1.1959    699    1    100.0   30 
10/31/18  2:00a   19.8   20.7   19.8    80   16.2   0.0   ---   0.00   0.0   ---   19.8   20.4   20.4  1034.0  0.00   0.0   0.000   0.030   23.4    52   13.0   23.4   9.57 1.1976    700    1    100.0   30 
10/31/18  2:30a   19.3   19.8   19.3    83   16.3   0.0   ---   0.00   0.0   ---   19.3   19.9   19.9  1033.9  0.00   0.0   0.000   0.020   22.9    52   12.6   22.8   9.58 1.2000    702    1    100.0   30 
10/31/18  3:00a   18.6   19.3   18.6    85   16.0   0.0   ---   0.00   0.0   ---   18.6   19.1   19.1  1034.1  0.00   0.0   0.000   0.006   22.5    53   12.4   22.3   9.75 1.2021    700    1    100.0   30 
10/31/18  3:30a   18.3   18.6   18.3    83   15.3   0.0     E   0.00   4.8     E   18.3   18.7   18.7  1034.4  0.00   0.0   0.001   0.000   22.0    54   12.3   21.6   9.92 1.2047    702    1    100.0   30 
10/31/18  4:00a   18.0   18.3   18.0    86   15.6   0.0   ---   0.00   0.0   ---   18.0   18.4   18.4  1034.5  0.00   0.0   0.007   0.000   21.6    54   11.8   20.9   9.93 1.2072    702    1    100.0   30 
10/31/18  4:30a   18.1   18.1   18.0    87   15.9   0.0   ---   0.00   0.0   ---   18.1   18.5   18.5  1034.8  0.00   0.0   0.006   0.000   21.2    55   11.8   20.6  10.15 1.2089    700    1    100.0   30 
10/31/18  5:00a   17.7   18.1   17.7    88   15.7   0.0     E   0.00   4.8     E   17.7   18.1   18.1  1035.3  0.00   0.0   0.014   0.000   20.8    56   11.7   20.2  10.36 1.2115    700    1    100.0   30 
10/31/18  5:30a   17.5   17.8   17.5    89   15.7   1.6     E   0.80   6.4     E   17.5   17.9   17.9  1035.6  0.00   0.0   0.017   0.000   20.4    57   11.6   19.9  10.58 1.2135    698    1    100.0   30 
10/31/18  6:00a   17.7   17.7   17.4    90   16.0   3.2     E   1.61   6.4     E   17.7   18.1   18.1  1036.0  0.00   0.0   0.014   0.000   20.1    59   11.8   19.8  10.95 1.2151    703    1    100.0   30 
10/31/18  6:30a   18.7   18.7   17.6    90   17.0   0.0     E   0.00   4.8     E   18.7   19.3   19.3  1036.3  0.00   0.0   0.000   0.007   20.4    62   12.9   20.3  11.37 1.2126    699    1    100.0   30 
10/31/18  7:00a   20.8   20.8   18.7    85   18.2   3.2   ESE   1.61   6.4     E   20.8   21.7   21.7  1036.7  0.00   0.0   0.000   0.051   22.5    68   16.3   22.9  12.55 1.2004    700    1    100.0   30 
10/31/18  7:30a   22.6   22.6   20.8    78   18.6   1.6     S   0.80   6.4     S   22.6   23.4   23.4  1037.3  0.00   0.0   0.000   0.089   25.4    68   19.1   26.3  12.44 1.1854    700    1    100.0   30 
